Generation,Best Fitness,Worst Fitness,Best Fitness So Far
1,549735.0,1819125.0,549735.0
2,806547.5,1736082.0,549735.0
3,944281.0,2096246.0,549735.0
4,694495.0,1674140.0,549735.0
5,1074678.0,1747407.5,549735.0
6,764771.0,1550982.0,549735.0
7,806845.0,1641957.0,549735.0
8,884788.0,1613169.5,549735.0
9,803651.0,1564263.0,549735.0
10,678085.0,1586364.5,549735.0
11,802705.0,1788708.0,549735.0
12,645807.5,1485994.0,549735.0
13,456057.5,1544719.0,456057.5
14,697996.0,1436906.5,456057.5
15,953264.5,1514067.5,456057.5
16,734380.5,1959261.5,456057.5
17,995162.5,1706268.0,456057.5
18,730181.0,1783759.5,456057.5
19,506276.5,2768909.5,456057.5
20,828147.5,1641537.0,456057.5
21,628595.5,1855665.0,456057.5
22,803541.0,1642720.5,456057.5
23,787901.5,1455609.0,456057.5
24,689783.5,1941919.0,456057.5
25,898699.0,1943752.5,456057.5
26,833340.5,1406589.0,456057.5
27,995298.0,1889607.0,456057.5
28,720013.0,1487170.5,456057.5
29,838597.5,1791964.0,456057.5
30,686884.0,1556504.0,456057.5
31,594801.5,2004488.0,456057.5
32,832389.5,2465757.5,456057.5
33,476972.5,1565613.0,456057.5
34,743596.5,1821577.5,456057.5
35,919927.0,1425920.5,456057.5
36,701631.5,1499353.0,456057.5
37,655096.5,1268590.0,456057.5
38,824284.0,1401810.5,456057.5
39,578527.0,1366153.5,456057.5
40,963488.0,1446980.5,456057.5
41,784911.0,1087760.5,456057.5
42,686892.5,1605986.5,456057.5
43,677407.5,1578699.5,456057.5
44,565972.0,1441974.0,456057.5
45,507977.5,1434163.5,456057.5
46,711631.0,1420469.0,456057.5
47,556411.5,1876720.5,456057.5
48,739375.5,1219192.0,456057.5
49,712303.5,1657607.5,456057.5
50,682342.5,1567795.5,456057.5
51,523890.5,1412242.5,456057.5
52,646285.0,1091087.0,456057.5
53,716363.0,1646335.5,456057.5
54,727042.5,1324417.0,456057.5
55,488207.5,1244669.5,456057.5
56,664861.0,1434418.0,456057.5
57,644373.0,1037436.0,456057.5
58,469203.5,1321631.0,456057.5
59,638578.0,1400452.5,456057.5
60,759982.5,1230780.0,456057.5
61,574023.0,1624849.0,456057.5
62,555713.5,1405542.0,456057.5
63,797149.5,1380458.0,456057.5
64,529303.0,1268859.0,456057.5
65,566338.0,1336319.5,456057.5
66,753701.0,1602379.0,456057.5
67,634954.0,1469862.5,456057.5
68,426913.0,1209174.5,426913.0
69,636086.5,1420591.0,426913.0
70,465294.0,1392316.0,426913.0
71,525364.5,1265525.5,426913.0
72,721721.5,957348.5,426913.0
73,428774.0,1566603.5,426913.0
74,655645.5,1185792.0,426913.0
75,543546.0,1370148.0,426913.0
76,389010.0,1329308.0,389010.0
77,562751.0,1323301.5,389010.0
78,554189.5,1170607.5,389010.0
79,679653.5,1104865.0,389010.0
80,822409.0,1307404.5,389010.0
81,606249.5,1211979.0,389010.0
82,562109.5,1128475.0,389010.0
83,659333.0,1091504.5,389010.0
84,621148.5,1311415.5,389010.0
85,425698.0,1049300.0,389010.0
86,350657.0,889716.5,350657.0
87,457677.5,1194291.0,350657.0
88,492903.5,1044299.0,350657.0
89,330417.5,971047.0,330417.5
90,571992.5,947347.0,330417.5
91,365059.0,1074552.5,330417.5
92,558547.5,936872.5,330417.5
93,516402.0,885220.0,330417.5
94,451116.5,827222.5,330417.5
95,510976.5,1083419.5,330417.5
96,380783.0,769086.5,330417.5
97,344038.0,876264.5,330417.5
98,373826.0,1097882.5,330417.5
99,384556.0,1026811.0,330417.5
100,351369.5,962024.0,330417.5
101,343448.0,953347.5,330417.5
102,313434.5,1068779.0,313434.5
103,394549.0,838248.5,313434.5
104,385275.0,869174.0,313434.5
105,277378.0,708010.5,277378.0
106,335134.0,925231.0,277378.0
107,354336.5,660853.0,277378.0
108,350975.0,543119.5,277378.0
109,355480.5,740088.5,277378.0
110,405395.5,577472.5,277378.0
111,353161.5,588953.5,277378.0
112,369474.0,611765.0,277378.0
113,280669.0,850615.5,277378.0
114,336156.0,892959.0,277378.0
115,253819.5,570907.0,253819.5
116,257667.0,822762.5,253819.5
117,329310.5,689315.5,253819.5
118,320426.5,666406.0,253819.5
119,274266.5,730293.0,253819.5
120,350820.5,593890.5,253819.5
121,356845.0,545013.5,253819.5
122,377629.0,585087.5,253819.5
123,316148.0,647280.5,253819.5
124,233319.0,553118.5,233319.0
125,320550.5,589571.0,233319.0
126,328655.0,528136.0,233319.0
127,356361.5,677181.0,233319.0
128,316177.0,647305.5,233319.0
129,334976.5,608546.0,233319.0
130,281247.0,592220.5,233319.0
131,354211.5,495751.5,233319.0
132,233383.5,533979.5,233319.0
133,349444.0,485429.5,233319.0
134,285780.5,596985.0,233319.0
135,317055.0,538150.5,233319.0
136,168423.5,433544.5,168423.5
137,284539.5,476902.5,168423.5
138,188927.0,493323.5,168423.5
139,252893.0,542917.5,168423.5
140,190436.5,389736.5,168423.5
141,147565.5,542915.5,147565.5
142,205875.5,528159.0,147565.5
143,252893.0,385916.0,147565.5
144,147565.5,391738.0,147565.5
145,146723.0,375872.5,146723.0
146,152861.0,398654.5,146723.0
147,188749.5,352428.0,146723.0
148,185742.0,412438.5,146723.0
149,188942.0,386049.5,146723.0
150,190628.5,387215.5,146723.0
151,190613.5,394755.5,146723.0
152,149204.0,437346.5,146723.0
153,147341.0,352119.0,146723.0
154,147340.5,318311.5,146723.0
155,147340.5,384060.5,146723.0
156,147565.5,384474.5,146723.0
157,151222.5,321455.5,146723.0
158,151222.5,356632.5,146723.0
159,147340.5,309041.0,146723.0
160,148996.5,321261.5,146723.0
161,187837.0,403565.5,146723.0
162,148996.5,309048.5,146723.0
163,152653.5,307948.0,146723.0
164,152653.5,307948.0,146723.0
165,148997.0,321645.5,146723.0
166,149204.0,321625.0,146723.0
167,152654.0,192450.5,146723.0
168,149221.5,209532.5,146723.0
169,152878.5,307734.0,146723.0
170,148996.5,209757.5,146723.0
171,148996.5,247565.0,146723.0
172,149221.5,285780.5,146723.0
173,148996.5,209740.0,146723.0
174,149204.0,269511.5,146723.0
175,148996.5,280971.5,146723.0
176,151878.5,192451.0,146723.0
177,152653.5,253179.5,146723.0
178,149221.5,253156.5,146723.0
179,152653.5,189523.0,146723.0
180,148562.0,209757.5,146723.0
181,152653.5,194238.5,146723.0
182,149221.5,253179.5,146723.0
183,151603.0,250833.5,146723.0
184,148997.0,192451.0,146723.0
185,148561.0,189523.0,146723.0
186,148996.5,194238.5,146723.0
187,148561.0,189715.5,146723.0
188,149204.0,188029.0,146723.0
189,151603.0,189700.5,146723.0
190,148286.5,189523.0,146723.0
191,148561.5,189524.5,146723.0
192,151878.5,189523.0,146723.0
193,152653.5,189717.5,146723.0
194,148996.5,188029.0,146723.0
195,148996.5,189715.5,146723.0
196,148996.5,189715.5,146723.0
197,149204.0,189717.5,146723.0
198,151877.5,189717.5,146723.0
199,148996.5,189715.5,146723.0
200,148996.5,189523.0,146723.0
201,149221.5,189523.5,146723.0
202,149221.5,189715.5,146723.0
203,148286.5,189700.5,146723.0
204,148996.5,189700.5,146723.0
205,148996.5,189715.5,146723.0
206,148996.5,189715.5,146723.0
207,148996.5,189715.5,146723.0
208,148997.0,189700.5,146723.0
209,148996.5,189715.5,146723.0
210,152653.5,189715.5,146723.0
211,148996.5,189700.5,146723.0
212,151877.5,189700.5,146723.0
213,152653.5,189715.5,146723.0
214,148996.5,189715.5,146723.0
215,149221.5,189700.5,146723.0
216,149221.5,189700.5,146723.0
217,151878.0,189523.0,146723.0
218,148996.5,189523.0,146723.0
219,151877.5,186290.0,146723.0
220,151603.0,189700.5,146723.0
221,148997.0,189523.5,146723.0
222,148996.5,189717.5,146723.0
223,152653.5,189523.0,146723.0
224,149221.5,189700.5,146723.0
225,148996.5,189715.5,146723.0
226,152653.5,189715.5,146723.0
227,149221.5,188014.0,146723.0
228,152653.5,189523.0,146723.0
229,148996.5,189715.5,146723.0
230,152653.5,189523.0,146723.0
231,149204.0,152878.5,146723.0
232,149204.0,152878.5,146723.0
233,152653.5,152878.5,146723.0
234,149221.5,187837.0,146723.0
235,148996.5,152878.5,146723.0
236,148996.5,152878.5,146723.0
237,148996.5,152878.5,146723.0
238,148996.5,152878.5,146723.0
239,149204.0,152878.5,146723.0
240,148996.5,152878.5,146723.0
241,152653.5,152878.5,146723.0
242,152653.5,152878.5,146723.0
243,152653.5,152878.5,146723.0
244,152653.5,152878.5,146723.0
245,152653.5,152878.5,146723.0
246,152653.5,152878.5,146723.0
247,152653.5,152878.5,146723.0
248,152653.5,152878.5,146723.0
249,152653.5,152878.5,146723.0
250,152653.5,152878.5,146723.0
251,152653.5,152878.5,146723.0
252,152653.5,152878.5,146723.0
253,152653.5,152878.5,146723.0
254,152653.5,152878.5,146723.0
255,152653.5,152878.5,146723.0
256,152653.5,152878.5,146723.0
257,152653.5,152878.5,146723.0
258,152653.5,152878.5,146723.0
259,152653.5,152878.5,146723.0
260,152655.5,152878.5,146723.0
261,152653.5,152878.5,146723.0
262,152653.5,152878.5,146723.0
263,152653.5,152878.5,146723.0
264,152653.5,152878.5,146723.0
265,152653.5,152878.5,146723.0
266,152653.5,152878.5,146723.0
267,152653.5,152878.5,146723.0
268,152653.5,152878.5,146723.0
269,152653.5,152878.5,146723.0
270,152653.5,152878.5,146723.0
271,152653.5,152878.5,146723.0
272,152653.5,152878.5,146723.0
273,152653.5,152878.5,146723.0
274,152653.5,152878.5,146723.0
275,152653.5,152878.5,146723.0
276,152653.5,152878.5,146723.0
277,152653.5,152878.5,146723.0
278,152653.5,152878.5,146723.0
279,152653.5,152878.5,146723.0
280,152653.5,152878.5,146723.0
281,152653.5,152878.5,146723.0
282,152653.5,152878.5,146723.0
283,152653.5,152878.5,146723.0
284,152653.5,152878.5,146723.0
285,152653.5,152878.5,146723.0
286,152653.5,152878.5,146723.0
287,152653.5,152878.5,146723.0
288,152653.5,152878.5,146723.0
289,152653.5,152878.5,146723.0
290,152653.5,152878.5,146723.0
291,152653.5,152878.5,146723.0
292,152653.5,152878.5,146723.0
293,152653.5,152878.5,146723.0
294,152653.5,152878.5,146723.0
295,152653.5,152878.5,146723.0
296,152653.5,152878.5,146723.0
297,152653.5,152878.5,146723.0
298,152653.5,152878.5,146723.0
299,152653.5,152878.5,146723.0
300,152653.5,152878.5,146723.0
301,152653.5,152878.5,146723.0
302,152653.5,152878.5,146723.0
303,152653.5,152878.5,146723.0
304,152653.5,152878.5,146723.0
305,152653.5,152878.5,146723.0
306,152653.5,152878.5,146723.0
307,152653.5,152878.5,146723.0
308,152653.5,152878.5,146723.0
309,152653.5,152878.5,146723.0
310,152653.5,152878.5,146723.0
311,152653.5,152878.5,146723.0
312,152653.5,152878.5,146723.0
313,152653.5,152878.5,146723.0
314,152653.5,152878.5,146723.0
315,152653.5,152878.5,146723.0
316,152653.5,152878.5,146723.0
317,152653.5,152878.5,146723.0
318,152653.5,152878.5,146723.0
319,152653.5,152878.5,146723.0
320,152653.5,152878.5,146723.0
321,152653.5,152878.5,146723.0
322,152653.5,152878.5,146723.0
323,152653.5,152878.5,146723.0
324,152653.5,152878.5,146723.0
325,152653.5,152878.5,146723.0
326,152653.5,152878.5,146723.0
327,152653.5,152878.5,146723.0
328,152653.5,152878.5,146723.0
329,152653.5,152878.5,146723.0
330,152653.5,152878.5,146723.0
331,152653.5,152878.5,146723.0
332,152653.5,152878.5,146723.0
333,152653.5,152878.5,146723.0
334,152653.5,152878.5,146723.0
335,152653.5,152878.5,146723.0
336,152653.5,152878.5,146723.0
337,152653.5,152878.5,146723.0
338,152653.5,152878.5,146723.0
339,152653.5,152878.5,146723.0
340,152653.5,152878.5,146723.0
341,152653.5,152878.5,146723.0
342,152653.5,152878.5,146723.0
343,152653.5,152878.5,146723.0
344,152653.5,152878.5,146723.0
345,152653.5,152878.5,146723.0
346,152653.5,152878.5,146723.0
347,152653.5,152878.5,146723.0
348,152653.5,152878.5,146723.0
349,152653.5,152878.5,146723.0
350,152653.5,152878.5,146723.0
351,152653.5,152878.5,146723.0
352,152653.5,152878.5,146723.0
353,152653.5,152878.5,146723.0
354,152653.5,152878.5,146723.0
355,152653.5,152878.5,146723.0
356,152653.5,152878.5,146723.0
357,152653.5,152878.5,146723.0
358,152653.5,152878.5,146723.0
359,152653.5,152878.5,146723.0
360,152654.0,152878.5,146723.0
361,152653.5,152878.5,146723.0
362,152653.5,152878.5,146723.0
363,152653.5,152878.5,146723.0
364,152653.5,152878.5,146723.0
365,152653.5,152878.5,146723.0
366,152653.5,152878.5,146723.0
367,152653.5,152878.5,146723.0
368,152653.5,152878.5,146723.0
369,152653.5,152878.5,146723.0
370,152653.5,152878.5,146723.0
371,152653.5,152878.5,146723.0
372,152653.5,152878.5,146723.0
373,152653.5,152878.5,146723.0
374,152653.5,152878.5,146723.0
375,152653.5,152878.5,146723.0
376,152653.5,152878.5,146723.0
377,152653.5,152878.5,146723.0
378,152653.5,152878.5,146723.0
379,152653.5,152878.5,146723.0
380,152653.5,152878.5,146723.0
381,152653.5,152878.5,146723.0
382,152653.5,152878.5,146723.0
383,152653.5,152878.5,146723.0
384,152653.5,152878.5,146723.0
385,152653.5,152878.5,146723.0
386,152653.5,152878.5,146723.0
387,152654.0,152878.5,146723.0
388,152653.5,152878.5,146723.0
389,152654.0,152878.5,146723.0
390,152653.5,152878.5,146723.0
391,152653.5,152878.5,146723.0
392,152653.5,152878.5,146723.0
393,152653.5,152878.5,146723.0
394,152653.5,152878.5,146723.0
395,152653.5,152878.5,146723.0
396,152653.5,152878.5,146723.0
397,152653.5,152878.5,146723.0
398,152653.5,152878.5,146723.0
399,152653.5,152878.5,146723.0
400,152653.5,152878.5,146723.0
401,152653.5,152878.5,146723.0
402,152653.5,152878.5,146723.0
403,152653.5,152878.5,146723.0
404,152653.5,152878.5,146723.0
405,152653.5,152878.5,146723.0
406,152653.5,152878.5,146723.0
407,152653.5,152878.5,146723.0
408,152653.5,152878.5,146723.0
409,152653.5,152878.5,146723.0
410,152653.5,152878.5,146723.0
411,152653.5,152878.5,146723.0
412,152653.5,152878.5,146723.0
413,152653.5,152878.5,146723.0
414,152653.5,152878.5,146723.0
415,152653.5,152878.5,146723.0
416,152653.5,152878.5,146723.0
417,152653.5,152878.5,146723.0
418,152653.5,152878.5,146723.0
419,152653.5,152878.5,146723.0
420,152653.5,152878.5,146723.0
421,152653.5,152878.5,146723.0
422,152653.5,152878.5,146723.0
423,152653.5,152878.5,146723.0
424,152653.5,152878.5,146723.0
425,152653.5,152878.5,146723.0
426,152653.5,152878.5,146723.0
427,152653.5,152878.5,146723.0
428,152653.5,152878.5,146723.0
429,152653.5,152878.5,146723.0
430,152653.5,152878.5,146723.0
431,152653.5,152878.5,146723.0
432,152653.5,152878.5,146723.0
433,152653.5,152878.5,146723.0
434,152653.5,152878.5,146723.0
435,152653.5,152878.5,146723.0
436,152653.5,152878.5,146723.0
437,152653.5,152878.5,146723.0
438,152653.5,152878.5,146723.0
439,152653.5,152878.5,146723.0
440,152653.5,152878.5,146723.0
441,152653.5,152878.5,146723.0
442,152653.5,152878.5,146723.0
443,152653.5,152878.5,146723.0
444,152653.5,152878.5,146723.0
445,152653.5,152878.5,146723.0
446,152653.5,152878.5,146723.0
447,152653.5,152878.5,146723.0
448,152653.5,152878.5,146723.0
449,152653.5,152878.5,146723.0
450,152653.5,152878.5,146723.0
451,152653.5,152878.5,146723.0
452,152653.5,152878.5,146723.0
453,152653.5,152878.5,146723.0
454,152653.5,152878.5,146723.0
455,152653.5,152878.5,146723.0
456,152653.5,152878.5,146723.0
457,152653.5,152878.5,146723.0
458,152653.5,152878.5,146723.0
459,152653.5,152878.5,146723.0
460,152653.5,152878.5,146723.0
461,152653.5,152878.5,146723.0
462,152653.5,152878.5,146723.0
463,152653.5,152878.5,146723.0
464,152653.5,152878.5,146723.0
465,152653.5,152878.5,146723.0
466,152653.5,152878.5,146723.0
467,152653.5,152878.5,146723.0
468,152653.5,152878.5,146723.0
469,152653.5,152878.5,146723.0
470,152653.5,152878.5,146723.0
471,152653.5,152878.5,146723.0
472,152653.5,152878.5,146723.0
473,152653.5,152878.5,146723.0
474,152653.5,152878.5,146723.0
475,152653.5,152878.5,146723.0
476,152653.5,152878.5,146723.0
477,152653.5,152878.5,146723.0
478,152653.5,152878.5,146723.0
479,152653.5,152878.5,146723.0
480,152653.5,152878.5,146723.0
481,152653.5,152878.5,146723.0
482,152653.5,152878.5,146723.0
483,152653.5,152878.5,146723.0
484,152653.5,152878.5,146723.0
485,152653.5,152878.5,146723.0
486,152653.5,152861.0,146723.0
487,152653.5,152878.5,146723.0
488,152653.5,152878.5,146723.0
489,152653.5,152878.5,146723.0
490,152653.5,152878.5,146723.0
491,152653.5,152878.5,146723.0
492,152653.5,152878.5,146723.0
493,152653.5,152878.5,146723.0
494,152653.5,152878.5,146723.0
495,152653.5,152878.5,146723.0
496,152653.5,152878.5,146723.0
497,152653.5,152878.5,146723.0
498,152653.5,152878.5,146723.0
499,152653.5,152878.5,146723.0
500,152653.5,152878.5,146723.0
501,152653.5,152878.5,146723.0
502,152653.5,152878.5,146723.0
503,152653.5,152878.5,146723.0
504,152653.5,152878.5,146723.0
505,152653.5,152878.5,146723.0
506,152653.5,152878.5,146723.0
507,152653.5,152878.5,146723.0
508,152653.5,152878.5,146723.0
509,152653.5,152878.5,146723.0
510,152653.5,152878.5,146723.0
511,152653.5,152878.5,146723.0
512,152653.5,152878.5,146723.0
513,152653.5,152878.5,146723.0
514,152653.5,152878.5,146723.0
515,152653.5,152878.5,146723.0
516,152653.5,152878.5,146723.0
517,152653.5,152878.5,146723.0
518,152653.5,152878.5,146723.0
519,152653.5,152878.5,146723.0
520,152653.5,152878.5,146723.0
521,152653.5,152878.5,146723.0
522,152653.5,152878.5,146723.0
523,152653.5,152878.5,146723.0
524,152653.5,152878.5,146723.0
525,152653.5,152878.5,146723.0
526,152653.5,152878.5,146723.0
527,152653.5,152878.5,146723.0
528,152653.5,152878.5,146723.0
529,152653.5,152878.5,146723.0
530,152653.5,152878.5,146723.0
531,152653.5,152878.5,146723.0
532,152653.5,152878.5,146723.0
533,152653.5,152878.5,146723.0
534,152653.5,152878.5,146723.0
535,152653.5,152878.5,146723.0
536,152653.5,152878.5,146723.0
537,152653.5,152878.5,146723.0
538,152653.5,152878.5,146723.0
539,152653.5,152878.5,146723.0
540,152653.5,152878.5,146723.0
541,152653.5,152878.5,146723.0
542,152653.5,152878.5,146723.0
543,152653.5,152878.5,146723.0
544,152653.5,152878.5,146723.0
545,152653.5,152878.5,146723.0
546,152653.5,152878.5,146723.0
547,152653.5,152878.5,146723.0
548,152653.5,152878.5,146723.0
549,152653.5,152878.5,146723.0
550,152653.5,152878.5,146723.0
551,152653.5,152861.0,146723.0
552,152653.5,152878.5,146723.0
553,152653.5,152878.5,146723.0
554,152653.5,152878.5,146723.0
555,152653.5,152878.5,146723.0
556,152653.5,152878.5,146723.0
557,152653.5,152878.5,146723.0
558,152653.5,152878.5,146723.0
559,152653.5,152878.5,146723.0
560,152653.5,152878.5,146723.0
561,152653.5,152878.5,146723.0
562,152653.5,152878.5,146723.0
563,152653.5,152878.5,146723.0
564,152653.5,152878.5,146723.0
565,152653.5,152878.5,146723.0
566,152653.5,152878.5,146723.0
567,152653.5,152878.5,146723.0
568,152653.5,152878.5,146723.0
569,152654.0,152878.5,146723.0
570,152653.5,152878.5,146723.0
571,152653.5,152878.5,146723.0
572,152653.5,152878.5,146723.0
573,152653.5,152878.5,146723.0
574,152653.5,152878.5,146723.0
575,152653.5,152878.5,146723.0
576,152653.5,152878.5,146723.0
577,152653.5,152878.5,146723.0
578,152653.5,152878.5,146723.0
579,152653.5,152878.5,146723.0
580,152653.5,152878.5,146723.0
581,152653.5,152878.5,146723.0
582,152653.5,152878.5,146723.0
583,152653.5,152878.5,146723.0
584,152653.5,152878.5,146723.0
585,152653.5,152878.5,146723.0
586,152653.5,152878.5,146723.0
587,152653.5,152878.5,146723.0
588,152653.5,152878.5,146723.0
589,152653.5,152878.5,146723.0
590,152653.5,152878.5,146723.0
591,152653.5,152878.5,146723.0
592,152653.5,152878.5,146723.0
593,152653.5,152878.5,146723.0
594,152653.5,152878.5,146723.0
595,152653.5,152878.5,146723.0
596,152653.5,152878.5,146723.0
597,152653.5,152878.5,146723.0
598,152653.5,152878.5,146723.0
599,152653.5,152878.5,146723.0
600,152653.5,152878.5,146723.0
601,152653.5,152878.5,146723.0
602,152653.5,152878.5,146723.0
603,152653.5,152878.5,146723.0
604,152653.5,152878.5,146723.0
605,152653.5,152878.5,146723.0
606,152653.5,152878.5,146723.0
607,152653.5,152878.5,146723.0
608,152653.5,152878.5,146723.0
609,152653.5,152878.5,146723.0
610,152653.5,152878.5,146723.0
611,152653.5,152878.5,146723.0
612,152653.5,152878.5,146723.0
613,152653.5,152878.5,146723.0
614,152653.5,152878.5,146723.0
615,152653.5,152878.5,146723.0
616,152653.5,152878.5,146723.0
617,152653.5,152878.5,146723.0
618,152653.5,152878.5,146723.0
619,152653.5,152878.5,146723.0
620,152653.5,152878.5,146723.0
621,152653.5,152878.5,146723.0
622,152653.5,152878.5,146723.0
623,152653.5,152878.5,146723.0
624,152653.5,152878.5,146723.0
625,152654.0,152878.5,146723.0
626,152653.5,152878.5,146723.0
627,152653.5,152878.5,146723.0
628,152653.5,152878.5,146723.0
629,152653.5,152878.5,146723.0
630,152653.5,152878.5,146723.0
631,152653.5,152878.5,146723.0
632,152653.5,152878.5,146723.0
633,152653.5,152878.5,146723.0
634,152653.5,152878.5,146723.0
635,152653.5,152878.5,146723.0
636,152653.5,152878.5,146723.0
637,152653.5,152878.5,146723.0
638,152653.5,152878.5,146723.0
639,152653.5,152878.5,146723.0
640,152654.0,152878.5,146723.0
641,152653.5,152878.5,146723.0
642,152653.5,152878.5,146723.0
643,152653.5,152878.5,146723.0
644,152653.5,152878.5,146723.0
645,152653.5,152878.5,146723.0
646,152653.5,152878.5,146723.0
647,152653.5,152878.5,146723.0
648,152653.5,152878.5,146723.0
649,152653.5,152878.5,146723.0
650,152653.5,152878.5,146723.0
651,152653.5,152878.5,146723.0
652,152653.5,152878.5,146723.0
653,152653.5,152878.5,146723.0
654,152653.5,152878.5,146723.0
655,152653.5,152878.5,146723.0
656,152653.5,152878.5,146723.0
657,152653.5,152878.5,146723.0
658,152653.5,152878.5,146723.0
659,152653.5,152878.5,146723.0
660,152653.5,152878.5,146723.0
661,152653.5,152878.5,146723.0
662,152653.5,152878.5,146723.0
663,152653.5,152878.5,146723.0
664,152653.5,152878.5,146723.0
665,152653.5,152878.5,146723.0
666,152653.5,152878.5,146723.0
667,152653.5,152878.5,146723.0
668,152653.5,152878.5,146723.0
669,152653.5,152878.5,146723.0
670,152653.5,152878.5,146723.0
671,152653.5,152878.5,146723.0
672,152653.5,152878.5,146723.0
673,152653.5,152878.5,146723.0
674,152653.5,152878.5,146723.0
675,152653.5,152878.5,146723.0
676,152653.5,152878.5,146723.0
677,152653.5,152878.5,146723.0
678,152653.5,152878.5,146723.0
679,152653.5,152878.5,146723.0
680,152653.5,152878.5,146723.0
681,152653.5,152878.5,146723.0
682,152653.5,152878.5,146723.0
683,152653.5,152878.5,146723.0
684,152653.5,152878.5,146723.0
685,152653.5,152878.5,146723.0
686,152653.5,152878.5,146723.0
687,152653.5,152878.5,146723.0
688,152653.5,152878.5,146723.0
689,152653.5,152878.5,146723.0
690,152653.5,152878.5,146723.0
691,152653.5,152878.5,146723.0
692,152653.5,152878.5,146723.0
693,152653.5,152878.5,146723.0
694,152653.5,152878.5,146723.0
695,152653.5,152878.5,146723.0
696,152653.5,152878.5,146723.0
697,152653.5,152878.5,146723.0
698,152653.5,152878.5,146723.0
699,152653.5,152878.5,146723.0
700,152653.5,152878.5,146723.0
701,152653.5,152878.5,146723.0
702,152653.5,152878.5,146723.0
703,152653.5,152878.5,146723.0
704,152653.5,152878.5,146723.0
705,152653.5,152878.5,146723.0
706,152653.5,152878.5,146723.0
707,152861.0,152878.5,146723.0
708,152653.5,152878.5,146723.0
709,152653.5,152878.5,146723.0
710,152653.5,152878.5,146723.0
711,152653.5,152878.5,146723.0
712,152653.5,152878.5,146723.0
713,152653.5,152878.5,146723.0
714,152653.5,152878.5,146723.0
715,152653.5,152878.5,146723.0
716,152653.5,152878.5,146723.0
717,152653.5,152878.5,146723.0
718,152653.5,152878.5,146723.0
719,152653.5,152878.5,146723.0
720,152653.5,152878.5,146723.0
721,152653.5,152861.0,146723.0
722,152653.5,152878.5,146723.0
723,152653.5,152878.5,146723.0
724,152653.5,152878.5,146723.0
725,152653.5,152861.0,146723.0
726,152653.5,152861.0,146723.0
727,152653.5,152878.5,146723.0
728,152654.0,152878.5,146723.0
729,152653.5,152878.5,146723.0
730,152653.5,152878.5,146723.0
731,152653.5,152878.5,146723.0
732,152653.5,152878.5,146723.0
733,152653.5,152878.5,146723.0
734,152653.5,152878.5,146723.0
735,152653.5,152878.5,146723.0
736,152653.5,152878.5,146723.0
737,152653.5,152878.5,146723.0
738,152653.5,152878.5,146723.0
739,152653.5,152878.5,146723.0
740,152653.5,152878.5,146723.0
741,152653.5,152878.5,146723.0
742,152653.5,152878.5,146723.0
743,152653.5,152878.5,146723.0
744,152653.5,152878.5,146723.0
745,152653.5,152878.5,146723.0
746,152653.5,152878.5,146723.0
747,152653.5,152878.5,146723.0
748,152653.5,152878.5,146723.0
749,152653.5,152878.5,146723.0
750,152653.5,152878.5,146723.0
751,152653.5,152878.5,146723.0
752,152653.5,152878.5,146723.0
753,152861.0,152878.5,146723.0
754,152653.5,152878.5,146723.0
755,152653.5,152878.5,146723.0
756,152653.5,152878.5,146723.0
757,152653.5,152878.5,146723.0
758,152653.5,152878.5,146723.0
759,152653.5,152878.5,146723.0
760,152653.5,152878.5,146723.0
761,152653.5,152878.5,146723.0
762,152653.5,152878.5,146723.0
763,152653.5,152878.5,146723.0
764,152653.5,152878.5,146723.0
765,152653.5,152878.5,146723.0
766,152653.5,152878.5,146723.0
767,152653.5,152878.5,146723.0
768,152653.5,152878.5,146723.0
769,152653.5,152878.5,146723.0
770,152653.5,152878.5,146723.0
771,152653.5,152878.5,146723.0
772,152653.5,152878.5,146723.0
773,152653.5,152878.5,146723.0
774,152653.5,152878.5,146723.0
775,152653.5,152878.5,146723.0
776,152653.5,152878.5,146723.0
777,152653.5,152878.5,146723.0
778,152653.5,152878.5,146723.0
779,152653.5,152878.5,146723.0
780,152653.5,152878.5,146723.0
781,152653.5,152878.5,146723.0
782,152653.5,152878.5,146723.0
783,152653.5,152878.5,146723.0
784,152653.5,152878.5,146723.0
785,152653.5,152878.5,146723.0
786,152653.5,152878.5,146723.0
787,152653.5,152878.5,146723.0
788,152653.5,152878.5,146723.0
789,152653.5,152878.5,146723.0
790,152653.5,152878.5,146723.0
791,152653.5,152878.5,146723.0
792,152653.5,152878.5,146723.0
793,152653.5,152878.5,146723.0
794,152653.5,152878.5,146723.0
795,152653.5,152878.5,146723.0
796,152653.5,152878.5,146723.0
797,152653.5,152878.5,146723.0
798,152653.5,152878.5,146723.0
799,152653.5,152878.5,146723.0
800,152653.5,152878.5,146723.0
801,152653.5,152878.5,146723.0
802,152653.5,152878.5,146723.0
803,152653.5,152878.5,146723.0
804,152653.5,152878.5,146723.0
805,152653.5,152878.5,146723.0
806,152653.5,152878.5,146723.0
807,152653.5,152878.5,146723.0
808,152653.5,152878.5,146723.0
809,152653.5,152878.5,146723.0
810,152653.5,152878.5,146723.0
811,152653.5,152878.5,146723.0
812,152653.5,152878.5,146723.0
813,152653.5,152878.5,146723.0
814,152653.5,152878.5,146723.0
815,152861.0,152878.5,146723.0
816,152653.5,152878.5,146723.0
817,152653.5,152878.5,146723.0
818,152653.5,152878.5,146723.0
819,152653.5,152878.5,146723.0
820,152653.5,152878.5,146723.0
821,152653.5,152878.5,146723.0
822,152653.5,152878.5,146723.0
823,152653.5,152878.5,146723.0
824,152653.5,152878.5,146723.0
825,152653.5,152878.5,146723.0
826,152653.5,152878.5,146723.0
827,152653.5,152878.5,146723.0
828,152653.5,152878.5,146723.0
829,152653.5,152878.5,146723.0
830,152653.5,152878.5,146723.0
831,152653.5,152878.5,146723.0
832,152653.5,152878.5,146723.0
833,152653.5,152878.5,146723.0
834,152653.5,152878.5,146723.0
835,152653.5,152878.5,146723.0
836,152653.5,152878.5,146723.0
837,152653.5,152878.5,146723.0
838,152653.5,152878.5,146723.0
839,152653.5,152878.5,146723.0
840,152653.5,152878.5,146723.0
841,152653.5,152878.5,146723.0
842,152653.5,152878.5,146723.0
843,152653.5,152878.5,146723.0
844,152653.5,152878.5,146723.0
845,152653.5,152878.5,146723.0
846,152653.5,152878.5,146723.0
847,152653.5,152878.5,146723.0
848,152653.5,152878.5,146723.0
849,152653.5,152878.5,146723.0
850,152653.5,152878.5,146723.0
851,152653.5,152878.5,146723.0
852,152653.5,152878.5,146723.0
853,152653.5,152878.5,146723.0
854,152653.5,152878.5,146723.0
855,152653.5,152878.5,146723.0
856,152653.5,152878.5,146723.0
857,152653.5,152878.5,146723.0
858,152653.5,152878.5,146723.0
859,152653.5,152861.0,146723.0
860,152653.5,152878.5,146723.0
861,152653.5,152878.5,146723.0
862,152653.5,152878.5,146723.0
863,152653.5,152878.5,146723.0
864,152653.5,152878.5,146723.0
865,152653.5,152878.5,146723.0
866,152653.5,152878.5,146723.0
867,152653.5,152878.5,146723.0
868,152653.5,152878.5,146723.0
869,152653.5,152878.5,146723.0
870,152653.5,152878.5,146723.0
871,152653.5,152878.5,146723.0
872,152653.5,152878.5,146723.0
873,152653.5,152878.5,146723.0
874,152653.5,152878.5,146723.0
875,152653.5,152878.5,146723.0
876,152653.5,152878.5,146723.0
877,152653.5,152878.5,146723.0
878,152653.5,152878.5,146723.0
879,152653.5,152878.5,146723.0
880,152653.5,152878.5,146723.0
881,152653.5,152878.5,146723.0
882,152653.5,152878.5,146723.0
883,152653.5,152878.5,146723.0
884,152653.5,152878.5,146723.0
885,152653.5,152878.5,146723.0
886,152653.5,152878.5,146723.0
887,152653.5,152878.5,146723.0
888,152653.5,152878.5,146723.0
889,152653.5,152878.5,146723.0
890,152653.5,152878.5,146723.0
891,152653.5,152878.5,146723.0
892,152653.5,152878.5,146723.0
893,152653.5,152878.5,146723.0
894,152653.5,152878.5,146723.0
895,152653.5,152878.5,146723.0
896,152653.5,152878.5,146723.0
897,152653.5,152878.5,146723.0
898,152653.5,152878.5,146723.0
899,152653.5,152878.5,146723.0
900,152653.5,152878.5,146723.0
901,152653.5,152878.5,146723.0
902,152653.5,152878.5,146723.0
903,152653.5,152878.5,146723.0
904,152653.5,152878.5,146723.0
905,152653.5,152878.5,146723.0
906,152653.5,152878.5,146723.0
907,152653.5,152878.5,146723.0
908,152653.5,152878.5,146723.0
909,152653.5,152878.5,146723.0
910,152653.5,152861.0,146723.0
911,152653.5,152878.5,146723.0
912,152653.5,152878.5,146723.0
913,152653.5,152878.5,146723.0
914,152653.5,152878.5,146723.0
915,152653.5,152878.5,146723.0
916,152653.5,152878.5,146723.0
917,152653.5,152878.5,146723.0
918,152653.5,152878.5,146723.0
919,152653.5,152878.5,146723.0
920,152653.5,152878.5,146723.0
921,152653.5,152878.5,146723.0
922,152653.5,152878.5,146723.0
923,152653.5,152878.5,146723.0
924,152653.5,152878.5,146723.0
925,152653.5,152878.5,146723.0
926,152653.5,152878.5,146723.0
927,152653.5,152878.5,146723.0
928,152653.5,152878.5,146723.0
929,152653.5,152878.5,146723.0
930,152653.5,152878.5,146723.0
931,152653.5,152878.5,146723.0
932,152861.0,152878.5,146723.0
933,152653.5,152878.5,146723.0
934,152653.5,152878.5,146723.0
935,152653.5,152878.5,146723.0
936,152653.5,152878.5,146723.0
937,152653.5,152878.5,146723.0
938,152653.5,152878.5,146723.0
939,152653.5,152878.5,146723.0
940,152653.5,152878.5,146723.0
941,152653.5,152878.5,146723.0
942,152653.5,152878.5,146723.0
943,152653.5,152878.5,146723.0
944,152653.5,152878.5,146723.0
945,152653.5,152878.5,146723.0
946,152653.5,152878.5,146723.0
947,152653.5,152878.5,146723.0
948,152653.5,152878.5,146723.0
949,152653.5,152878.5,146723.0
950,152653.5,152878.5,146723.0
951,152653.5,152878.5,146723.0
952,152653.5,152878.5,146723.0
953,152653.5,152878.5,146723.0
954,152653.5,152878.5,146723.0
955,152653.5,152878.5,146723.0
956,152653.5,152878.5,146723.0
957,152653.5,152878.5,146723.0
958,152653.5,152878.5,146723.0
959,152653.5,152878.5,146723.0
960,152653.5,152878.5,146723.0
961,152653.5,152878.5,146723.0
962,152653.5,152878.5,146723.0
963,152653.5,152878.5,146723.0
964,152653.5,152878.5,146723.0
965,152653.5,152878.5,146723.0
966,152653.5,152878.5,146723.0
967,152653.5,152878.5,146723.0
968,152653.5,152878.5,146723.0
969,152653.5,152878.5,146723.0
970,152653.5,152878.5,146723.0
971,152653.5,152878.5,146723.0
972,152653.5,152878.5,146723.0
973,152653.5,152878.5,146723.0
974,152653.5,152878.5,146723.0
975,152653.5,152878.5,146723.0
976,152653.5,152878.5,146723.0
977,152653.5,152878.5,146723.0
978,152653.5,152878.5,146723.0
979,152653.5,152878.5,146723.0
980,152653.5,152878.5,146723.0
981,152653.5,152878.5,146723.0
982,152653.5,152878.5,146723.0
983,152653.5,152878.5,146723.0
984,152653.5,152878.5,146723.0
985,152653.5,152878.5,146723.0
986,152653.5,152878.5,146723.0
987,152653.5,152878.5,146723.0
988,152653.5,152878.5,146723.0
989,152653.5,152878.5,146723.0
990,152653.5,152878.5,146723.0
991,152653.5,152878.5,146723.0
992,152653.5,152878.5,146723.0
993,152653.5,152878.5,146723.0
994,152653.5,152878.5,146723.0
995,152653.5,152878.5,146723.0
996,152653.5,152878.5,146723.0
997,152653.5,152878.5,146723.0
998,152653.5,152878.5,146723.0
999,152653.5,152878.5,146723.0
1000,152653.5,152878.5,146723.0
1001,152653.5,152878.5,146723.0
1002,152653.5,152878.5,146723.0
1003,152653.5,152878.5,146723.0
1004,152653.5,152878.5,146723.0
1005,152653.5,152878.5,146723.0
1006,152653.5,152878.5,146723.0
1007,152653.5,152878.5,146723.0
1008,152653.5,152878.5,146723.0
1009,152653.5,152878.5,146723.0
1010,152653.5,152878.5,146723.0
1011,152653.5,152878.5,146723.0
1012,152653.5,152878.5,146723.0
1013,152653.5,152878.5,146723.0
1014,152653.5,152878.5,146723.0
1015,152653.5,152878.5,146723.0
1016,152653.5,152878.5,146723.0
1017,152653.5,152878.5,146723.0
1018,152653.5,152878.5,146723.0
1019,152653.5,152878.5,146723.0
1020,152653.5,152878.5,146723.0
1021,152653.5,152878.5,146723.0
1022,152653.5,152878.5,146723.0
1023,152653.5,152878.5,146723.0
1024,152653.5,152878.5,146723.0
1025,152653.5,152878.5,146723.0
1026,152653.5,152878.5,146723.0
1027,152653.5,152878.5,146723.0
1028,152653.5,152878.5,146723.0
1029,152653.5,152878.5,146723.0
1030,152653.5,152878.5,146723.0
1031,152653.5,152878.5,146723.0
1032,152653.5,152878.5,146723.0
1033,152653.5,152878.5,146723.0
1034,152653.5,152878.5,146723.0
1035,152653.5,152878.5,146723.0
1036,152653.5,152878.5,146723.0
1037,152653.5,152878.5,146723.0
1038,152654.0,152878.5,146723.0
1039,152653.5,152878.5,146723.0
1040,152653.5,152878.5,146723.0
1041,152653.5,152878.5,146723.0
1042,152653.5,152878.5,146723.0
1043,152653.5,152878.5,146723.0
1044,152653.5,152878.5,146723.0
1045,152653.5,152878.5,146723.0
1046,152653.5,152878.5,146723.0
1047,152653.5,152878.5,146723.0
1048,152653.5,152878.5,146723.0
1049,152653.5,152878.5,146723.0
1050,152653.5,152878.5,146723.0
1051,152653.5,152878.5,146723.0
1052,152653.5,152878.5,146723.0
1053,152653.5,152878.5,146723.0
1054,152653.5,152878.5,146723.0
1055,152653.5,152878.5,146723.0
1056,152653.5,152878.5,146723.0
1057,152653.5,152878.5,146723.0
1058,152653.5,152878.5,146723.0
1059,152653.5,152878.5,146723.0
1060,152653.5,152878.5,146723.0
1061,152653.5,152878.5,146723.0
1062,152653.5,152878.5,146723.0
1063,152653.5,152878.5,146723.0
1064,152653.5,152878.5,146723.0
1065,152653.5,152878.5,146723.0
1066,152653.5,152878.5,146723.0
1067,152653.5,152878.5,146723.0
1068,152653.5,152878.5,146723.0
1069,152653.5,152878.5,146723.0
1070,152653.5,152878.5,146723.0
1071,152653.5,152878.5,146723.0
1072,152653.5,152878.5,146723.0
1073,152653.5,152878.5,146723.0
1074,152653.5,152878.5,146723.0
1075,152653.5,152878.5,146723.0
1076,152653.5,152878.5,146723.0
1077,152653.5,152878.5,146723.0
1078,152653.5,152878.5,146723.0
1079,152653.5,152878.5,146723.0
1080,152653.5,152878.5,146723.0
1081,152653.5,152878.5,146723.0
1082,152653.5,152878.5,146723.0
1083,152653.5,152878.5,146723.0
1084,152653.5,152878.5,146723.0
1085,152653.5,152878.5,146723.0
1086,152653.5,152878.5,146723.0
1087,152653.5,152878.5,146723.0
1088,152653.5,152878.5,146723.0
1089,152653.5,152878.5,146723.0
1090,152653.5,152878.5,146723.0
1091,152653.5,152878.5,146723.0
1092,152653.5,152878.5,146723.0
1093,152653.5,152878.5,146723.0
1094,152653.5,152878.5,146723.0
1095,152653.5,152878.5,146723.0
1096,152653.5,152878.5,146723.0
1097,152653.5,152878.5,146723.0
1098,152653.5,152878.5,146723.0
1099,152653.5,152878.5,146723.0
1100,152653.5,152878.5,146723.0
1101,152653.5,152878.5,146723.0
1102,152653.5,152878.5,146723.0
1103,152653.5,152878.5,146723.0
1104,152653.5,152878.5,146723.0
1105,152653.5,152878.5,146723.0
1106,152653.5,152878.5,146723.0
1107,152653.5,152878.5,146723.0
1108,152653.5,152878.5,146723.0
1109,152653.5,152878.5,146723.0
1110,152653.5,152878.5,146723.0
1111,152653.5,152878.5,146723.0
1112,152653.5,152878.5,146723.0
1113,152653.5,152878.5,146723.0
1114,152653.5,152878.5,146723.0
1115,152653.5,152878.5,146723.0
1116,152653.5,152878.5,146723.0
1117,152653.5,152878.5,146723.0
1118,152653.5,152878.5,146723.0
1119,152653.5,152878.5,146723.0
1120,152653.5,152878.5,146723.0
1121,152653.5,152878.5,146723.0
1122,152653.5,152878.5,146723.0
1123,152653.5,152878.5,146723.0
1124,152653.5,152878.5,146723.0
1125,152653.5,152878.5,146723.0
1126,152653.5,152878.5,146723.0
1127,152653.5,152861.0,146723.0
1128,152653.5,152878.5,146723.0
1129,152653.5,152878.5,146723.0
1130,152653.5,152878.5,146723.0
1131,152653.5,152878.5,146723.0
1132,152653.5,152878.5,146723.0
1133,152653.5,152878.5,146723.0
1134,152653.5,152878.5,146723.0
1135,152653.5,152878.5,146723.0
1136,152653.5,152878.5,146723.0
1137,152653.5,152878.5,146723.0
1138,152653.5,152878.5,146723.0
1139,152653.5,152878.5,146723.0
1140,152653.5,152878.5,146723.0
1141,152653.5,152878.5,146723.0
1142,152653.5,152878.5,146723.0
1143,152653.5,152878.5,146723.0
1144,152653.5,152878.5,146723.0
1145,152653.5,152878.5,146723.0
1146,152653.5,152878.5,146723.0
1147,152653.5,152878.5,146723.0
1148,152653.5,152878.5,146723.0
1149,152653.5,152878.5,146723.0
1150,152653.5,152878.5,146723.0
1151,152653.5,152878.5,146723.0
1152,152653.5,152878.5,146723.0
1153,152653.5,152878.5,146723.0
1154,152653.5,152878.5,146723.0
1155,152653.5,152878.5,146723.0
1156,152653.5,152878.5,146723.0
1157,152653.5,152878.5,146723.0
1158,152653.5,152861.0,146723.0
1159,152653.5,152878.5,146723.0
1160,152653.5,152878.5,146723.0
1161,152653.5,152878.5,146723.0
1162,152653.5,152878.5,146723.0
1163,152653.5,152878.5,146723.0
1164,152653.5,152878.5,146723.0
1165,152653.5,152878.5,146723.0
1166,152653.5,152878.5,146723.0
1167,152653.5,152878.5,146723.0
1168,152653.5,152878.5,146723.0
1169,152653.5,152878.5,146723.0
1170,152653.5,152878.5,146723.0
1171,152653.5,152878.5,146723.0
1172,152653.5,152878.5,146723.0
1173,152653.5,152878.5,146723.0
1174,152653.5,152878.5,146723.0
1175,152653.5,152878.5,146723.0
1176,152653.5,152878.5,146723.0
1177,152653.5,152878.5,146723.0
1178,152653.5,152878.5,146723.0
1179,152653.5,152878.5,146723.0
1180,152653.5,152861.0,146723.0
1181,152653.5,152878.5,146723.0
1182,152653.5,152878.5,146723.0
1183,152653.5,152878.5,146723.0
1184,152653.5,152878.5,146723.0
1185,152653.5,152878.5,146723.0
1186,152653.5,152878.5,146723.0
1187,152653.5,152878.5,146723.0
1188,152653.5,152878.5,146723.0
1189,152653.5,152878.5,146723.0
1190,152653.5,152878.5,146723.0
1191,152653.5,152878.5,146723.0
1192,152653.5,152878.5,146723.0
1193,152653.5,152878.5,146723.0
1194,152653.5,152878.5,146723.0
1195,152653.5,152878.5,146723.0
1196,152653.5,152878.5,146723.0
1197,152653.5,152878.5,146723.0
1198,152653.5,152878.5,146723.0
1199,152653.5,152878.5,146723.0
1200,152653.5,152878.5,146723.0
1201,152654.0,152878.5,146723.0
1202,152653.5,152878.5,146723.0
1203,152653.5,152878.5,146723.0
1204,152653.5,152878.5,146723.0
1205,152653.5,152878.5,146723.0
1206,152653.5,152878.5,146723.0
1207,152653.5,152878.5,146723.0
1208,152653.5,152878.5,146723.0
1209,152653.5,152878.5,146723.0
1210,152653.5,152878.5,146723.0
1211,152653.5,152878.5,146723.0
1212,152653.5,152878.5,146723.0
1213,152653.5,152878.5,146723.0
1214,152653.5,152878.5,146723.0
1215,152653.5,152878.5,146723.0
1216,152653.5,152878.5,146723.0
1217,152653.5,152878.5,146723.0
1218,152653.5,152878.5,146723.0
1219,152653.5,152878.5,146723.0
1220,152653.5,152878.5,146723.0
1221,152653.5,152878.5,146723.0
1222,152653.5,152878.5,146723.0
1223,152653.5,152878.5,146723.0
1224,152653.5,152878.5,146723.0
1225,152653.5,152878.5,146723.0
1226,152653.5,152878.5,146723.0
1227,152653.5,152878.5,146723.0
1228,152653.5,152878.5,146723.0
1229,152653.5,152878.5,146723.0
1230,152653.5,152878.5,146723.0
1231,152653.5,152878.5,146723.0
1232,152653.5,152878.5,146723.0
1233,152653.5,152878.5,146723.0
1234,152653.5,152878.5,146723.0
1235,152653.5,152878.5,146723.0
1236,152653.5,152878.5,146723.0
1237,152653.5,152878.5,146723.0
1238,152653.5,152878.5,146723.0
1239,152653.5,152878.5,146723.0
1240,152653.5,152878.5,146723.0
1241,152653.5,152878.5,146723.0
1242,152653.5,152878.5,146723.0
1243,152653.5,152878.5,146723.0
1244,152653.5,152878.5,146723.0
1245,152653.5,152878.5,146723.0
1246,152653.5,152878.5,146723.0
1247,152653.5,152878.5,146723.0
1248,152653.5,152878.5,146723.0
1249,152653.5,152878.5,146723.0
1250,152653.5,152878.5,146723.0
1251,152653.5,152878.5,146723.0
1252,152653.5,152878.5,146723.0
1253,152653.5,152878.5,146723.0
1254,152653.5,152878.5,146723.0
1255,152653.5,152878.5,146723.0
1256,152653.5,152878.5,146723.0
1257,152653.5,152878.5,146723.0
1258,152653.5,152878.5,146723.0
1259,152653.5,152878.5,146723.0
1260,152653.5,152878.5,146723.0
1261,152653.5,152878.5,146723.0
1262,152653.5,152878.5,146723.0
1263,152653.5,152878.5,146723.0
1264,152653.5,152878.5,146723.0
1265,152653.5,152878.5,146723.0
1266,152653.5,152878.5,146723.0
1267,152653.5,152878.5,146723.0
1268,152653.5,152878.5,146723.0
1269,152653.5,152878.5,146723.0
1270,152653.5,152878.5,146723.0
1271,152653.5,152878.5,146723.0
1272,152653.5,152878.5,146723.0
1273,152653.5,152878.5,146723.0
1274,152654.0,152878.5,146723.0
1275,152653.5,152861.0,146723.0
1276,152653.5,152878.5,146723.0
1277,152653.5,152878.5,146723.0
1278,152653.5,152878.5,146723.0
1279,152653.5,152878.5,146723.0
1280,152653.5,152878.5,146723.0
1281,152653.5,152861.0,146723.0
1282,152653.5,152878.5,146723.0
1283,152653.5,152878.5,146723.0
1284,152653.5,152878.5,146723.0
1285,152653.5,152878.5,146723.0
1286,152653.5,152878.5,146723.0
1287,152653.5,152878.5,146723.0
1288,152653.5,152878.5,146723.0
1289,152653.5,152878.5,146723.0
1290,152653.5,152878.5,146723.0
1291,152653.5,152878.5,146723.0
1292,152653.5,152878.5,146723.0
1293,152653.5,152878.5,146723.0
1294,152653.5,152878.5,146723.0
1295,152653.5,152878.5,146723.0
1296,152653.5,152878.5,146723.0
1297,152653.5,152878.5,146723.0
1298,152653.5,152878.5,146723.0
1299,152654.0,152878.5,146723.0
1300,152653.5,152878.5,146723.0
1301,152653.5,152878.5,146723.0
1302,152653.5,152878.5,146723.0
1303,152653.5,152878.5,146723.0
1304,152653.5,152878.5,146723.0
1305,152653.5,152878.5,146723.0
1306,152653.5,152878.5,146723.0
1307,152653.5,152878.5,146723.0
1308,152653.5,152878.5,146723.0
1309,152653.5,152878.5,146723.0
1310,152653.5,152878.5,146723.0
1311,152653.5,152878.5,146723.0
1312,152654.0,152878.5,146723.0
1313,152653.5,152878.5,146723.0
1314,152653.5,152878.5,146723.0
1315,152653.5,152878.5,146723.0
1316,152653.5,152878.5,146723.0
1317,152653.5,152878.5,146723.0
1318,152653.5,152878.5,146723.0
1319,152653.5,152878.5,146723.0
1320,152653.5,152878.5,146723.0
1321,152653.5,152878.5,146723.0
1322,152653.5,152878.5,146723.0
1323,152653.5,152878.5,146723.0
1324,152653.5,152878.5,146723.0
1325,152653.5,152878.5,146723.0
1326,152653.5,152878.5,146723.0
1327,152653.5,152878.5,146723.0
1328,152653.5,152878.5,146723.0
1329,152653.5,152878.5,146723.0
1330,152653.5,152878.5,146723.0
1331,152653.5,152878.5,146723.0
1332,152653.5,152878.5,146723.0
1333,152653.5,152878.5,146723.0
1334,152653.5,152861.0,146723.0
1335,152653.5,152878.5,146723.0
1336,152653.5,152878.5,146723.0
1337,152653.5,152878.5,146723.0
1338,152653.5,152878.5,146723.0
1339,152653.5,152878.5,146723.0
1340,152653.5,152878.5,146723.0
1341,152653.5,152878.5,146723.0
1342,152653.5,152878.5,146723.0
1343,152653.5,152878.5,146723.0
1344,152653.5,152878.5,146723.0
1345,152653.5,152878.5,146723.0
1346,152653.5,152878.5,146723.0
1347,152653.5,152878.5,146723.0
1348,152653.5,152878.5,146723.0
1349,152653.5,152878.5,146723.0
1350,152653.5,152878.5,146723.0
1351,152653.5,152878.5,146723.0
1352,152653.5,152878.5,146723.0
1353,152653.5,152878.5,146723.0
1354,152653.5,152878.5,146723.0
1355,152653.5,152878.5,146723.0
1356,152653.5,152878.5,146723.0
1357,152653.5,152878.5,146723.0
1358,152653.5,152878.5,146723.0
1359,152653.5,152878.5,146723.0
1360,152653.5,152878.5,146723.0
1361,152653.5,152878.5,146723.0
1362,152653.5,152878.5,146723.0
1363,152653.5,152878.5,146723.0
1364,152653.5,152878.5,146723.0
1365,152653.5,152878.5,146723.0
1366,152653.5,152878.5,146723.0
1367,152653.5,152878.5,146723.0
1368,152653.5,152878.5,146723.0
1369,152653.5,152878.5,146723.0
1370,152653.5,152878.5,146723.0
1371,152653.5,152878.5,146723.0
1372,152653.5,152878.5,146723.0
1373,152653.5,152878.5,146723.0
1374,152653.5,152878.5,146723.0
1375,152653.5,152878.5,146723.0
1376,152653.5,152878.5,146723.0
1377,152653.5,152878.5,146723.0
1378,152653.5,152878.5,146723.0
1379,152653.5,152878.5,146723.0
1380,152653.5,152878.5,146723.0
1381,152653.5,152878.5,146723.0
1382,152653.5,152878.5,146723.0
1383,152653.5,152878.5,146723.0
1384,152653.5,152878.5,146723.0
1385,152653.5,152878.5,146723.0
1386,152653.5,152878.5,146723.0
1387,152653.5,152878.5,146723.0
1388,152653.5,152878.5,146723.0
1389,152653.5,152878.5,146723.0
1390,152653.5,152878.5,146723.0
1391,152653.5,152878.5,146723.0
1392,152653.5,152878.5,146723.0
1393,152653.5,152878.5,146723.0
1394,152653.5,152878.5,146723.0
1395,152653.5,152878.5,146723.0
1396,152653.5,152878.5,146723.0
1397,152653.5,152878.5,146723.0
1398,152653.5,152878.5,146723.0
1399,152653.5,152878.5,146723.0
1400,152653.5,152878.5,146723.0
1401,152653.5,152878.5,146723.0
1402,152653.5,152878.5,146723.0
1403,152653.5,152878.5,146723.0
1404,152653.5,152878.5,146723.0
1405,152653.5,152878.5,146723.0
1406,152653.5,152878.5,146723.0
1407,152653.5,152878.5,146723.0
1408,152653.5,152878.5,146723.0
1409,152653.5,152878.5,146723.0
1410,152653.5,152878.5,146723.0
1411,152653.5,152878.5,146723.0
1412,152654.0,152878.5,146723.0
1413,152653.5,152878.5,146723.0
1414,152653.5,152878.5,146723.0
1415,152653.5,152878.5,146723.0
1416,152653.5,152878.5,146723.0
1417,152653.5,152878.5,146723.0
1418,152653.5,152878.5,146723.0
1419,152653.5,152878.5,146723.0
1420,152653.5,152878.5,146723.0
1421,152653.5,152878.5,146723.0
1422,152653.5,152878.5,146723.0
1423,152653.5,152878.5,146723.0
1424,152653.5,152878.5,146723.0
1425,152653.5,152878.5,146723.0
1426,152653.5,152878.5,146723.0
1427,152653.5,152878.5,146723.0
1428,152653.5,152878.5,146723.0
1429,152653.5,152878.5,146723.0
1430,152653.5,152878.5,146723.0
1431,152653.5,152878.5,146723.0
1432,152653.5,152878.5,146723.0
1433,152653.5,152878.5,146723.0
1434,152653.5,152878.5,146723.0
1435,152653.5,152878.5,146723.0
1436,152653.5,152878.5,146723.0
1437,152653.5,152878.5,146723.0
1438,152653.5,152878.5,146723.0
1439,152653.5,152878.5,146723.0
1440,152653.5,152878.5,146723.0
1441,152653.5,152878.5,146723.0
1442,152653.5,152878.5,146723.0
1443,152653.5,152878.5,146723.0
1444,152653.5,152878.5,146723.0
1445,152653.5,152878.5,146723.0
1446,152653.5,152878.5,146723.0
1447,152653.5,152878.5,146723.0
1448,152653.5,152878.5,146723.0
1449,152653.5,152878.5,146723.0
1450,152653.5,152878.5,146723.0
1451,152653.5,152878.5,146723.0
1452,152653.5,152878.5,146723.0
1453,152653.5,152878.5,146723.0
1454,152653.5,152878.5,146723.0
1455,152653.5,152878.5,146723.0
1456,152653.5,152878.5,146723.0
1457,152653.5,152878.5,146723.0
1458,152653.5,152878.5,146723.0
1459,152653.5,152878.5,146723.0
1460,152653.5,152878.5,146723.0
1461,152653.5,152878.5,146723.0
1462,152653.5,152878.5,146723.0
1463,152653.5,152878.5,146723.0
1464,152653.5,152878.5,146723.0
1465,152653.5,152878.5,146723.0
1466,152653.5,152878.5,146723.0
1467,152653.5,152878.5,146723.0
1468,152653.5,152878.5,146723.0
1469,152653.5,152878.5,146723.0
1470,152653.5,152878.5,146723.0
1471,152653.5,152878.5,146723.0
1472,152653.5,152878.5,146723.0
1473,152653.5,152878.5,146723.0
1474,152653.5,152878.5,146723.0
1475,152653.5,152878.5,146723.0
1476,152653.5,152878.5,146723.0
1477,152653.5,152878.5,146723.0
1478,152653.5,152878.5,146723.0
1479,152653.5,152878.5,146723.0
1480,152653.5,152878.5,146723.0
1481,152653.5,152878.5,146723.0
1482,152653.5,152878.5,146723.0
1483,152653.5,152878.5,146723.0
1484,152653.5,152878.5,146723.0
1485,152653.5,152878.5,146723.0
1486,152653.5,152878.5,146723.0
1487,152653.5,152878.5,146723.0
1488,152653.5,152878.5,146723.0
1489,152653.5,152878.5,146723.0
1490,152653.5,152878.5,146723.0
1491,152653.5,152878.5,146723.0
1492,152653.5,152878.5,146723.0
1493,152653.5,152878.5,146723.0
1494,152653.5,152878.5,146723.0
1495,152653.5,152878.5,146723.0
1496,152653.5,152878.5,146723.0
1497,152653.5,152878.5,146723.0
1498,152653.5,152878.5,146723.0
1499,152653.5,152878.5,146723.0
1500,152653.5,152878.5,146723.0
1501,152653.5,152878.5,146723.0
1502,152653.5,152878.5,146723.0
1503,152653.5,152878.5,146723.0
1504,152653.5,152878.5,146723.0
1505,152653.5,152878.5,146723.0
1506,152653.5,152878.5,146723.0
1507,152653.5,152878.5,146723.0
1508,152653.5,152878.5,146723.0
1509,152653.5,152878.5,146723.0
1510,152653.5,152878.5,146723.0
1511,152653.5,152861.0,146723.0
1512,152653.5,152878.5,146723.0
1513,152653.5,152878.5,146723.0
1514,152653.5,152878.5,146723.0
1515,152653.5,152878.5,146723.0
1516,152653.5,152878.5,146723.0
1517,152653.5,152878.5,146723.0
1518,152653.5,152878.5,146723.0
1519,152653.5,152878.5,146723.0
1520,152653.5,152878.5,146723.0
1521,152653.5,152878.5,146723.0
1522,152653.5,152878.5,146723.0
1523,152653.5,152878.5,146723.0
1524,152653.5,152878.5,146723.0
1525,152653.5,152878.5,146723.0
1526,152653.5,152878.5,146723.0
1527,152653.5,152878.5,146723.0
1528,152653.5,152878.5,146723.0
1529,152653.5,152878.5,146723.0
1530,152653.5,152878.5,146723.0
1531,152653.5,152878.5,146723.0
1532,152653.5,152878.5,146723.0
1533,152653.5,152878.5,146723.0
1534,152653.5,152878.5,146723.0
1535,152653.5,152878.5,146723.0
1536,152653.5,152878.5,146723.0
1537,152653.5,152878.5,146723.0
1538,152653.5,152878.5,146723.0
1539,152653.5,152878.5,146723.0
1540,152653.5,152878.5,146723.0
1541,152653.5,152878.5,146723.0
1542,152653.5,152878.5,146723.0
1543,152653.5,152878.5,146723.0
1544,152653.5,152878.5,146723.0
1545,152653.5,152878.5,146723.0
1546,152653.5,152878.5,146723.0
1547,152653.5,152878.5,146723.0
1548,152653.5,152878.5,146723.0
1549,152653.5,152878.5,146723.0
1550,152653.5,152878.5,146723.0
1551,152653.5,152878.5,146723.0
1552,152653.5,152878.5,146723.0
1553,152653.5,152878.5,146723.0
1554,152653.5,152878.5,146723.0
1555,152653.5,152878.5,146723.0
1556,152653.5,152878.5,146723.0
1557,152653.5,152878.5,146723.0
1558,152653.5,152878.5,146723.0
1559,152653.5,152878.5,146723.0
1560,152653.5,152878.5,146723.0
1561,152653.5,152878.5,146723.0
1562,152653.5,152878.5,146723.0
1563,152653.5,152878.5,146723.0
1564,152653.5,152878.5,146723.0
1565,152653.5,152878.5,146723.0
1566,152653.5,152878.5,146723.0
1567,152653.5,152878.5,146723.0
1568,152653.5,152878.5,146723.0
1569,152653.5,152878.5,146723.0
1570,152653.5,152878.5,146723.0
1571,152653.5,152878.5,146723.0
1572,152653.5,152861.0,146723.0
1573,152653.5,152878.5,146723.0
1574,152653.5,152878.5,146723.0
1575,152653.5,152878.5,146723.0
1576,152653.5,152878.5,146723.0
1577,152653.5,152878.5,146723.0
1578,152653.5,152878.5,146723.0
1579,152653.5,152878.5,146723.0
1580,152653.5,152878.5,146723.0
1581,152653.5,152878.5,146723.0
1582,152653.5,152878.5,146723.0
1583,152653.5,152878.5,146723.0
1584,152653.5,152878.5,146723.0
1585,152653.5,152878.5,146723.0
1586,152653.5,152878.5,146723.0
1587,152653.5,152878.5,146723.0
1588,152653.5,152878.5,146723.0
1589,152653.5,152878.5,146723.0
1590,152653.5,152878.5,146723.0
1591,152653.5,152878.5,146723.0
1592,152653.5,152878.5,146723.0
1593,152653.5,152878.5,146723.0
1594,152653.5,152878.5,146723.0
1595,152653.5,152878.5,146723.0
1596,152653.5,152878.5,146723.0
1597,152653.5,152878.5,146723.0
1598,152653.5,152878.5,146723.0
1599,152653.5,152878.5,146723.0
1600,152653.5,152878.5,146723.0
1601,152653.5,152878.5,146723.0
1602,152653.5,152878.5,146723.0
1603,152653.5,152878.5,146723.0
1604,152653.5,152878.5,146723.0
1605,152653.5,152878.5,146723.0
1606,152653.5,152878.5,146723.0
1607,152653.5,152878.5,146723.0
1608,152653.5,152878.5,146723.0
1609,152653.5,152878.5,146723.0
1610,152653.5,152878.5,146723.0
1611,152653.5,152878.5,146723.0
1612,152653.5,152878.5,146723.0
1613,152653.5,152878.5,146723.0
1614,152653.5,152878.5,146723.0
1615,152653.5,152878.5,146723.0
1616,152653.5,152878.5,146723.0
1617,152653.5,152878.5,146723.0
1618,152653.5,152878.5,146723.0
1619,152653.5,152878.5,146723.0
1620,152653.5,152878.5,146723.0
1621,152653.5,152878.5,146723.0
1622,152653.5,152878.5,146723.0
1623,152653.5,152878.5,146723.0
1624,152653.5,152878.5,146723.0
1625,152653.5,152878.5,146723.0
1626,152653.5,152878.5,146723.0
1627,152653.5,152878.5,146723.0
1628,152653.5,152878.5,146723.0
1629,152653.5,152878.5,146723.0
1630,152653.5,152878.5,146723.0
1631,152653.5,152878.5,146723.0
1632,152653.5,152878.5,146723.0
1633,152653.5,152878.5,146723.0
1634,152653.5,152878.5,146723.0
1635,152653.5,152878.5,146723.0
1636,152653.5,152878.5,146723.0
1637,152653.5,152878.5,146723.0
1638,152653.5,152878.5,146723.0
1639,152653.5,152861.0,146723.0
1640,152653.5,152878.5,146723.0
1641,152653.5,152878.5,146723.0
1642,152653.5,152878.5,146723.0
1643,152653.5,152878.5,146723.0
1644,152653.5,152878.5,146723.0
1645,152653.5,152878.5,146723.0
1646,152653.5,152878.5,146723.0
1647,152653.5,152878.5,146723.0
1648,152653.5,152878.5,146723.0
1649,152653.5,152878.5,146723.0
1650,152653.5,152878.5,146723.0
1651,152653.5,152878.5,146723.0
1652,152653.5,152878.5,146723.0
1653,152653.5,152878.5,146723.0
1654,152653.5,152878.5,146723.0
1655,152653.5,152878.5,146723.0
1656,152653.5,152878.5,146723.0
1657,152653.5,152878.5,146723.0
1658,152653.5,152878.5,146723.0
1659,152653.5,152878.5,146723.0
1660,152653.5,152878.5,146723.0
1661,152653.5,152878.5,146723.0
1662,152653.5,152878.5,146723.0
1663,152653.5,152878.5,146723.0
1664,152653.5,152878.5,146723.0
1665,152653.5,152878.5,146723.0
1666,152653.5,152878.5,146723.0
1667,152653.5,152878.5,146723.0
1668,152653.5,152878.5,146723.0
1669,152653.5,152878.5,146723.0
1670,152653.5,152878.5,146723.0
1671,152653.5,152878.5,146723.0
1672,152653.5,152878.5,146723.0
1673,152653.5,152878.5,146723.0
1674,152653.5,152878.5,146723.0
1675,152653.5,152878.5,146723.0
1676,152653.5,152878.5,146723.0
1677,152653.5,152878.5,146723.0
1678,152653.5,152878.5,146723.0
1679,152653.5,152878.5,146723.0
1680,152653.5,152878.5,146723.0
1681,152653.5,152878.5,146723.0
1682,152653.5,152878.5,146723.0
1683,152653.5,152878.5,146723.0
1684,152653.5,152861.0,146723.0
1685,152653.5,152878.5,146723.0
1686,152653.5,152878.5,146723.0
1687,152653.5,152878.5,146723.0
1688,152653.5,152878.5,146723.0
1689,152653.5,152878.5,146723.0
1690,152653.5,152878.5,146723.0
1691,152653.5,152878.5,146723.0
1692,152653.5,152878.5,146723.0
1693,152653.5,152878.5,146723.0
1694,152653.5,152878.5,146723.0
1695,152653.5,152878.5,146723.0
1696,152653.5,152878.5,146723.0
1697,152653.5,152878.5,146723.0
1698,152653.5,152878.5,146723.0
1699,152653.5,152878.5,146723.0
1700,152653.5,152878.5,146723.0
1701,152653.5,152878.5,146723.0
1702,152653.5,152878.5,146723.0
1703,152653.5,152878.5,146723.0
1704,152653.5,152878.5,146723.0
1705,152653.5,152878.5,146723.0
1706,152653.5,152878.5,146723.0
1707,152653.5,152878.5,146723.0
1708,152653.5,152878.5,146723.0
1709,152653.5,152878.5,146723.0
1710,152653.5,152878.5,146723.0
1711,152653.5,152878.5,146723.0
1712,152653.5,152878.5,146723.0
1713,152653.5,152878.5,146723.0
1714,152653.5,152878.5,146723.0
1715,152653.5,152878.5,146723.0
1716,152653.5,152878.5,146723.0
1717,152653.5,152878.5,146723.0
1718,152653.5,152878.5,146723.0
1719,152653.5,152861.0,146723.0
1720,152653.5,152878.5,146723.0
1721,152653.5,152878.5,146723.0
1722,152653.5,152878.5,146723.0
1723,152653.5,152878.5,146723.0
1724,152653.5,152878.5,146723.0
1725,152653.5,152878.5,146723.0
1726,152653.5,152878.5,146723.0
1727,152653.5,152878.5,146723.0
1728,152653.5,152878.5,146723.0
1729,152653.5,152878.5,146723.0
1730,152653.5,152878.5,146723.0
1731,152653.5,152878.5,146723.0
1732,152653.5,152878.5,146723.0
1733,152653.5,152878.5,146723.0
1734,152653.5,152878.5,146723.0
1735,152653.5,152878.5,146723.0
1736,152653.5,152878.5,146723.0
1737,152653.5,152878.5,146723.0
1738,152653.5,152878.5,146723.0
1739,152653.5,152878.5,146723.0
1740,152653.5,152878.5,146723.0
1741,152653.5,152878.5,146723.0
1742,152653.5,152878.5,146723.0
1743,152653.5,152878.5,146723.0
1744,152653.5,152878.5,146723.0
1745,152653.5,152878.5,146723.0
1746,152653.5,152878.5,146723.0
1747,152653.5,152878.5,146723.0
1748,152653.5,152878.5,146723.0
1749,152653.5,152878.5,146723.0
1750,152653.5,152878.5,146723.0
1751,152653.5,152878.5,146723.0
1752,152653.5,152878.5,146723.0
1753,152653.5,152878.5,146723.0
1754,152653.5,152878.5,146723.0
1755,152653.5,152878.5,146723.0
1756,152653.5,152878.5,146723.0
1757,152653.5,152878.5,146723.0
1758,152653.5,152878.5,146723.0
1759,152653.5,152878.5,146723.0
1760,152653.5,152878.5,146723.0
1761,152653.5,152878.5,146723.0
1762,152653.5,152878.5,146723.0
1763,152653.5,152878.5,146723.0
1764,152653.5,152878.5,146723.0
1765,152653.5,152878.5,146723.0
1766,152653.5,152878.5,146723.0
1767,152653.5,152878.5,146723.0
1768,152653.5,152878.5,146723.0
1769,152653.5,152878.5,146723.0
1770,152653.5,152878.5,146723.0
1771,152653.5,152878.5,146723.0
1772,152653.5,152878.5,146723.0
1773,152653.5,152878.5,146723.0
1774,152653.5,152878.5,146723.0
1775,152653.5,152878.5,146723.0
1776,152653.5,152878.5,146723.0
1777,152653.5,152878.5,146723.0
1778,152653.5,152878.5,146723.0
1779,152653.5,152878.5,146723.0
1780,152653.5,152878.5,146723.0
1781,152653.5,152878.5,146723.0
1782,152653.5,152878.5,146723.0
1783,152653.5,152878.5,146723.0
1784,152653.5,152878.5,146723.0
1785,152653.5,152861.0,146723.0
1786,152653.5,152878.5,146723.0
1787,152653.5,152878.5,146723.0
1788,152653.5,152878.5,146723.0
1789,152653.5,152878.5,146723.0
1790,152653.5,152878.5,146723.0
1791,152653.5,152878.5,146723.0
1792,152653.5,152878.5,146723.0
1793,152653.5,152878.5,146723.0
1794,152653.5,152878.5,146723.0
1795,152653.5,152878.5,146723.0
1796,152653.5,152878.5,146723.0
1797,152653.5,152878.5,146723.0
1798,152653.5,152878.5,146723.0
1799,152653.5,152878.5,146723.0
1800,152653.5,152878.5,146723.0
1801,152653.5,152878.5,146723.0
1802,152653.5,152878.5,146723.0
1803,152653.5,152878.5,146723.0
1804,152653.5,152878.5,146723.0
1805,152653.5,152878.5,146723.0
1806,152653.5,152878.5,146723.0
1807,152653.5,152878.5,146723.0
1808,152653.5,152878.5,146723.0
1809,152653.5,152878.5,146723.0
1810,152653.5,152878.5,146723.0
1811,152653.5,152878.5,146723.0
1812,152653.5,152878.5,146723.0
1813,152653.5,152878.5,146723.0
1814,152653.5,152878.5,146723.0
1815,152654.0,152878.5,146723.0
1816,152653.5,152878.5,146723.0
1817,152653.5,152878.5,146723.0
1818,152653.5,152878.5,146723.0
1819,152653.5,152878.5,146723.0
1820,152653.5,152878.5,146723.0
1821,152653.5,152878.5,146723.0
1822,152653.5,152878.5,146723.0
1823,152653.5,152878.5,146723.0
1824,152653.5,152878.5,146723.0
1825,152653.5,152878.5,146723.0
1826,152653.5,152878.5,146723.0
1827,152653.5,152878.5,146723.0
1828,152653.5,152878.5,146723.0
1829,152653.5,152878.5,146723.0
1830,152653.5,152878.5,146723.0
1831,152653.5,152878.5,146723.0
1832,152653.5,152878.5,146723.0
1833,152653.5,152878.5,146723.0
1834,152653.5,152878.5,146723.0
1835,152653.5,152878.5,146723.0
1836,152653.5,152878.5,146723.0
1837,152653.5,152878.5,146723.0
1838,152653.5,152878.5,146723.0
1839,152653.5,152878.5,146723.0
1840,152653.5,152878.5,146723.0
1841,152653.5,152878.5,146723.0
1842,152653.5,152878.5,146723.0
1843,152653.5,152878.5,146723.0
1844,152653.5,152878.5,146723.0
1845,152653.5,152878.5,146723.0
1846,152653.5,152878.5,146723.0
1847,152653.5,152878.5,146723.0
1848,152653.5,152878.5,146723.0
1849,152653.5,152878.5,146723.0
1850,152653.5,152878.5,146723.0
1851,152653.5,152878.5,146723.0
1852,152653.5,152878.5,146723.0
1853,152653.5,152878.5,146723.0
1854,152653.5,152878.5,146723.0
1855,152653.5,152878.5,146723.0
1856,152653.5,152878.5,146723.0
1857,152653.5,152878.5,146723.0
1858,152653.5,152878.5,146723.0
1859,152653.5,152878.5,146723.0
1860,152653.5,152878.5,146723.0
1861,152653.5,152878.5,146723.0
1862,152653.5,152878.5,146723.0
1863,152653.5,152878.5,146723.0
1864,152653.5,152878.5,146723.0
1865,152653.5,152878.5,146723.0
1866,152653.5,152878.5,146723.0
1867,152653.5,152878.5,146723.0
1868,152653.5,152878.5,146723.0
1869,152653.5,152878.5,146723.0
1870,152653.5,152878.5,146723.0
1871,152653.5,152878.5,146723.0
1872,152653.5,152878.5,146723.0
1873,152653.5,152878.5,146723.0
1874,152653.5,152878.5,146723.0
1875,152653.5,152878.5,146723.0
1876,152653.5,152878.5,146723.0
1877,152653.5,152878.5,146723.0
1878,152653.5,152878.5,146723.0
1879,152653.5,152878.5,146723.0
1880,152653.5,152878.5,146723.0
1881,152653.5,152878.5,146723.0
1882,152653.5,152878.5,146723.0
1883,152653.5,152878.5,146723.0
1884,152653.5,152878.5,146723.0
1885,152653.5,152878.5,146723.0
1886,152653.5,152878.5,146723.0
1887,152653.5,152878.5,146723.0
1888,152653.5,152878.5,146723.0
1889,152654.0,152878.5,146723.0
1890,152653.5,152878.5,146723.0
1891,152653.5,152878.5,146723.0
1892,152653.5,152878.5,146723.0
1893,152653.5,152878.5,146723.0
1894,152653.5,152878.5,146723.0
1895,152653.5,152878.5,146723.0
1896,152653.5,152878.5,146723.0
1897,152653.5,152878.5,146723.0
1898,152653.5,152878.5,146723.0
1899,152653.5,152861.0,146723.0
1900,152653.5,152878.5,146723.0
1901,152653.5,152861.0,146723.0
1902,152653.5,152878.5,146723.0
1903,152653.5,152878.5,146723.0
1904,152653.5,152878.5,146723.0
1905,152653.5,152878.5,146723.0
1906,152653.5,152878.5,146723.0
1907,152653.5,152878.5,146723.0
1908,152653.5,152878.5,146723.0
1909,152653.5,152878.5,146723.0
1910,152653.5,152878.5,146723.0
1911,152653.5,152878.5,146723.0
1912,152653.5,152878.5,146723.0
1913,152653.5,152878.5,146723.0
1914,152653.5,152878.5,146723.0
1915,152653.5,152878.5,146723.0
1916,152653.5,152878.5,146723.0
1917,152653.5,152878.5,146723.0
1918,152653.5,152878.5,146723.0
1919,152653.5,152878.5,146723.0
1920,152653.5,152878.5,146723.0
1921,152653.5,152878.5,146723.0
1922,152653.5,152878.5,146723.0
1923,152653.5,152878.5,146723.0
1924,152653.5,152878.5,146723.0
1925,152653.5,152878.5,146723.0
1926,152653.5,152878.5,146723.0
1927,152653.5,152878.5,146723.0
1928,152653.5,152878.5,146723.0
1929,152653.5,152878.5,146723.0
1930,152653.5,152878.5,146723.0
1931,152653.5,152878.5,146723.0
1932,152653.5,152878.5,146723.0
1933,152653.5,152878.5,146723.0
1934,152653.5,152878.5,146723.0
1935,152653.5,152878.5,146723.0
1936,152653.5,152878.5,146723.0
1937,152653.5,152861.0,146723.0
1938,152653.5,152878.5,146723.0
1939,152653.5,152878.5,146723.0
1940,152653.5,152878.5,146723.0
1941,152653.5,152878.5,146723.0
1942,152653.5,152878.5,146723.0
1943,152653.5,152878.5,146723.0
1944,152653.5,152878.5,146723.0
1945,152653.5,152878.5,146723.0
1946,152653.5,152878.5,146723.0
1947,152653.5,152878.5,146723.0
1948,152653.5,152878.5,146723.0
1949,152653.5,152878.5,146723.0
1950,152653.5,152878.5,146723.0
1951,152653.5,152878.5,146723.0
1952,152653.5,152878.5,146723.0
1953,152653.5,152878.5,146723.0
1954,152653.5,152878.5,146723.0
1955,152653.5,152878.5,146723.0
1956,152653.5,152878.5,146723.0
1957,152653.5,152878.5,146723.0
1958,152653.5,152878.5,146723.0
1959,152653.5,152878.5,146723.0
1960,152653.5,152878.5,146723.0
1961,152653.5,152878.5,146723.0
1962,152653.5,152878.5,146723.0
1963,152653.5,152878.5,146723.0
1964,152653.5,152878.5,146723.0
1965,152653.5,152878.5,146723.0
1966,152653.5,152878.5,146723.0
1967,152653.5,152878.5,146723.0
1968,152653.5,152878.5,146723.0
1969,152653.5,152878.5,146723.0
1970,152653.5,152878.5,146723.0
1971,152653.5,152878.5,146723.0
1972,152653.5,152878.5,146723.0
1973,152653.5,152878.5,146723.0
1974,152653.5,152878.5,146723.0
1975,152653.5,152878.5,146723.0
1976,152653.5,152878.5,146723.0
1977,152653.5,152878.5,146723.0
1978,152653.5,152878.5,146723.0
1979,152653.5,152878.5,146723.0
1980,152653.5,152878.5,146723.0
1981,152653.5,152878.5,146723.0
1982,152653.5,152878.5,146723.0
1983,152653.5,152878.5,146723.0
1984,152653.5,152878.5,146723.0
1985,152653.5,152878.5,146723.0
1986,152653.5,152878.5,146723.0
1987,152653.5,152878.5,146723.0
1988,152653.5,152878.5,146723.0
1989,152653.5,152878.5,146723.0
1990,152653.5,152878.5,146723.0
1991,152653.5,152878.5,146723.0
1992,152653.5,152878.5,146723.0
1993,152653.5,152878.5,146723.0
1994,152653.5,152878.5,146723.0
1995,152653.5,152878.5,146723.0
1996,152653.5,152878.5,146723.0
1997,152653.5,152878.5,146723.0
1998,152653.5,152878.5,146723.0
1999,152653.5,152878.5,146723.0
2000,152653.5,152878.5,146723.0
